1.101269616166498766e+00
1.076992982753213424e+00
1.028978794538490504e+00
9.582931818111899425e-01
8.665055418018017264e-01
7.556535283808669679e-01
6.281975995927058243e-01
4.869661400292521480e-01
3.350923858516655640e-01
1.759445635449622958e-01
1.305080513622032534e-02
-1.499794807770380989e-01
-3.095360238656921781e-01
-4.620880948825374368e-01
-6.042630992756846675e-01
-7.329216054101111988e-01
-8.452271315281041364e-01
-9.387091334327267722e-01
-1.011317787612334262e+00
-1.061469348705881499e+00
-1.088081071700471858e+00
-1.090594923304313735e+00
-1.068989558294637376e+00
-1.023780299658502146e+00
-9.560071301216086503e-01
-8.672109711650015651e-01
-7.593987878383481327e-01
-6.349983077104253137e-01
-4.968033745465408879e-01
-3.479111665636208661e-01
-1.916526906987596202e-01
-3.151811417124505965e-02
1.289213906297791978e-01
2.860935348018722735e-01
4.365047442716930015e-01
5.768181454374876616e-01
7.039279593269300861e-01
8.150286402415239939e-01
9.076772139165938391e-01
9.798474238953671644e-01
1.029974479629778727e+00
1.056989411613718177e+00
1.060342272856290124e+00
1.040013676945390042e+00
9.965144251891603355e-01
9.308732429563173483e-01
8.446129123487117196e-01
7.397153487297738472e-01
6.185764165509455292e-01
4.839515097977861169e-01
3.388931290590874168e-01
1.866818660706267563e-01
3.075235359284540781e-02
-1.253841496409087986e-01
-2.782187949196056054e-01
-4.243240215362286682e-01
-5.604305028720513171e-01
-6.835004316808178659e-01
-7.907954995259759423e-01
-8.799380461458757852e-01
-9.489640095698452793e-01
-9.963664935732712280e-01
-1.021128981342838360e+00
-1.022747458229339879e+00
-1.001240956913177493e+00
-9.571502995468466057e-01
-8.915250775787243454e-01
-8.058991750048064562e-01
-7.022553987682497167e-01
-5.829800251210761619e-01
-4.508082974611447580e-01
-3.087621143603821450e-01
-1.600813216386157978e-01
-8.150165477204483408e-03
1.435794285031036788e-01
2.916660149711853833e-01
4.327564610802789313e-01
5.636616935496419067e-01
6.814286514737218914e-01
7.834068226642745270e-01
8.673078648601201257e-01
9.312569704278236271e-01
9.738348206588767209e-01
9.941091891989886076e-01
9.916554886930550872e-01
9.665658050903820353e-01
9.194462245688722613e-01
8.514025228167713122e-01
7.640145494746539701e-01
6.592998959475058207e-01
5.396676767808533670e-01
4.078634778944597583e-01
2.669067241490285514e-01
1.200218894939564934e-01
-2.943488854101968671e-02
-1.780521251091357615e-01
-3.224405047207902220e-01
-4.593098417031188929e-01
-5.855437412808869313e-01
-6.982702710015254999e-01
-7.949270433316931728e-01
-8.733192375030924826e-01
-9.316692491935198994e-01
-9.686568467557497009e-01
-9.834489281438962838e-01
-9.757182085546787231e-01
-9.456504197590521743e-01
-8.939398624672070248e-01
-8.217734169542877387e-01
-7.308033786042514857e-01
-6.231097380903726224e-01
-5.011527648782563293e-01
-3.677169722062073598e-01
-2.258477367047275197e-01
-7.878201195300905957e-02
7.012529122029173556e-02
2.174775870191051896e-01
3.599138288598986435e-01
4.941849039604271354e-01
6.172274757174071036e-01
7.262335993647306420e-01
8.187145324379313527e-01
8.925572933492821326e-01
9.460726859147803314e-01
9.780337012412766429e-01
9.877034265940864977e-01
9.748518287801383186e-01
9.397610318103443161e-01
8.832189694349569242e-01
8.065015566700631799e-01
7.113437846836899725e-01
5.999003944924206078e-01
4.746970211469496159e-01
3.385729161075921034e-01
1.946165464351523877e-01
4.609553092376909161e-02
-1.036174982781669779e-01
-2.511214275852586275e-01
-3.930638521159283139e-01
-5.262171737204757171e-01
-6.475518811998648427e-01
-7.543053507641167554e-01
-8.440446061881311524e-01
-9.147216149007655339e-01
-9.647198652938424601e-01
-9.928911680339250756e-01
-9.985818456295660894e-01
-9.816477149345322895e-01
-9.424575212081427456e-01
-8.818847440552368688e-01
-8.012879591020186654e-01
-7.024801986596275194e-01
-5.876880040071181810e-01
-4.595010956384737999e-01
-3.208138005672243054e-01
-1.747595627442247168e-01
-2.464001958047980223e-02
1.261497490825707612e-01
2.741981062465422836e-01
4.161541353579109037e-01
5.488035591818806180e-01
6.691415794290475061e-01
7.744409861439662812e-01
8.623139928140801658e-01
9.307663951091716958e-01
9.782428249039183399e-01
1.003662072836502439e+00
1.006441677549880787e+00
9.865112228564498764e-01
9.443140398551285175e-01
8.807972737176734679e-01
7.973905384964614651e-01
6.959736419147610764e-01
5.788341098214848657e-01
4.486154712100337005e-01
3.082574741731171630e-01
1.609295861420985407e-01
9.959284089875123508e-03
-1.412432413954936572e-01
-2.892622628176687027e-01
-4.307538251065135548e-01
-5.625214362353102571e-01
-6.815884242742935584e-01
-7.852653214002072168e-01
-8.712107479125936749e-01
-9.374844164574677174e-01
-9.825910550966961976e-01
-1.005514253546329950e+00
-1.005739465180315539e+00
-9.832656430855712948e-01
-9.386052459933871273e-01
-8.727726134635865884e-01
-7.872609732882019928e-01
-6.840086017350714975e-01
-5.653549031268256808e-01
-4.339874037720901634e-01
-2.928808612500425346e-01
-1.452298688247918579e-01
5.623517724169578222e-03
1.562654906727456439e-01
3.032878224215161400e-01
4.433650663381946688e-01
5.733298765616237080e-01
6.902447395432756982e-01
7.914684914022317441e-01
8.747161133421154089e-01
9.381104497469323622e-01
9.802246766853515147e-01
1.000114558259652009e+00
9.973397597827843297e-01
9.719737349054642372e-01
9.246019629183798161e-01
8.563085766468361282e-01
7.686516846444962914e-01
6.636279478072785176e-01
5.436272142512171834e-01
4.113782417994074070e-01
2.698867395862732388e-01
1.223671345246981346e-01
-2.783038926258833354e-02
-1.772959227030868889e-01
-3.226372106876334023e-01
-4.605566220374888164e-01
-5.879259641949055037e-01
-7.018574451979170403e-01
-7.997691729070984801e-01
-8.794437053955042050e-01
-9.390783240820430589e-01
-9.773258890096401252e-01
-9.933253493813382073e-01
-9.867212172237830314e-01
-9.576715625214866634e-01
-9.068443486745321191e-01
-8.354021917654415041e-01
-7.449758898720567624e-01
-6.376273235696655606e-01
-5.158025700403553460e-01
-3.822762953746344228e-01
-2.400886876643038015e-01
-9.247636285172330939e-02
5.720118782975189275e-02
2.055379387231257571e-01
3.491587254631017267e-01
4.847959380673559915e-01
6.093637698161148419e-01
7.200283357548770136e-01
8.142720683617977739e-01
8.899509277872467150e-01
9.453431271541963277e-01
9.791882660039830100e-01
9.907159827136229335e-01
9.796634746565647811e-01
9.462814876284082466e-01
8.913286378757763195e-01
8.160541950065743899e-01
7.221697161087966554e-01
6.118101746122047713e-01
4.874854660438599496e-01
3.520233914342932868e-01
2.085054127619777320e-01
6.019663907956875754e-02
-8.952836688465752590e-02
-2.372622767956539813e-01
-3.796424377835910247e-01
-5.134273075838711176e-01
-6.355701474805679485e-01
-7.432882988886417852e-01
-8.341264695322999634e-01
-9.060125910523040282e-01
-9.573049784214623381e-01
-9.868297189421127991e-01
-9.939074403619106990e-01
-9.783688487426802638e-01
-9.405586816782580684e-01
-8.813279854936344471e-01
-8.020148901974952782e-01
-7.044143171829515548e-01
-5.907373060456996283e-01
-4.635608827050534120e-01
-3.257696059166677593e-01
-1.804901183727111169e-01
-3.102018760098096753e-02
1.192461528166313955e-01
2.668956624305037217e-01
4.085734040582195692e-01
5.410589449469960233e-01
6.613395185376574892e-01
7.666784851913720500e-01
8.546775367635451870e-01
9.233312317520171453e-01
9.710726216935758881e-01
9.968089315859263166e-01
9.999464827870929717e-01
9.804042909681993656e-01
9.386160287283525916e-01
8.755203065871132173e-01
7.925394912552443660e-01
6.915475403275356259e-01
5.748275819332884229e-01
4.450202007578867303e-01
3.050636029237295821e-01
1.581270166971305291e-01
7.538839678698764160e-03
-1.432888374529490416e-01
-2.909376181554160223e-01
-4.320603421529217170e-01
-5.634570227479395177e-01
-6.821474558301691138e-01
-7.854388524767126345e-01
-8.709869598312435235e-01
-9.368492826039241939e-01
-9.815291966966164239e-01
-1.004009953066000271e+00
-1.003777799300543672e+00
-9.808336933018253490e-01
-9.356933423214565115e-01
-8.693755655365856816e-01
-7.833792433358927054e-01
-6.796493755184371821e-01
-5.605330177999104935e-01
-4.287260957619980495e-01
-2.872123024558242421e-01
-1.391954655770668570e-01
1.197308161113631170e-02
1.628704779884446729e-01
3.100799372498430073e-01
4.502682149376134868e-01
5.802611822560036492e-01
6.971157920098243199e-01
7.981868038438327817e-01
8.811867548570686548e-01
9.442378149265564513e-01
9.859143502204803511e-01
1.005275229231612721e+00
1.001885138432647482e+00
9.758244240616489318e-01
9.276872369276076835e-01
8.585680225721471492e-01
7.700366636083539884e-01
6.641028385780683996e-01
5.431704063784048575e-01
4.099828516530557021e-01
2.675610293847593968e-01
1.191346216592230195e-01
-3.193113776971194528e-02
-1.822118081359200281e-01
-3.283014229609255707e-01
-4.668897451491375028e-01
-5.948373427729133356e-01
-7.092467819771204329e-01
-8.075283216361890393e-01
-8.874586192638784787e-01
-9.472311163726402361e-01
-9.854969604015304530e-01
-1.001395535190382047e+00
-9.945739078943726108e-01
-9.651947518517774993e-01
-9.139325665254592890e-01
-8.419582812965555885e-01
-7.509125935659475282e-01
-6.428686473289418890e-01
-5.202849003272898010e-01
-3.859492505565526588e-01
-2.429156912632081944e-01
-9.443493310032748111e-02
5.611943102278513229e-02
2.053275417709553019e-01
3.498009302445190261e-01
4.862594526992985999e-01
6.116057564588193163e-01
7.229955865143926630e-01
8.179023368478471889e-01
8.941743812818403470e-01
9.500838826924500324e-01
9.843659729833420524e-01
9.962474149240572174e-01
9.854640958307919751e-01
9.522669566917204564e-01
8.974162229519104805e-01
8.221640688120017693e-01
7.282261095287682062e-01
6.177423698716469902e-01
4.932286158275879795e-01
3.575191554334414268e-01
2.137024082822341908e-01
6.505070740243357186e-02
-8.505407188052702128e-02
-2.331973667930045957e-01
-3.760095200294435447e-01
-5.102423483971225693e-01
-6.328429481730760697e-01
-7.410230609656562883e-01
-8.323224247432329248e-01
-9.046646713303546639e-01
-9.564045009756236837e-01
-9.863650627194630038e-01
-9.938646917353974874e-01
-9.787323965336878207e-01
-9.413117444127301336e-01
-8.824530570199010659e-01
-8.034940933570194899e-01
-7.062296590086621917e-01
-5.928708318478198569e-01
-4.659947302736587860e-01
-3.284859648058692794e-01
-1.834711027245007342e-01
-3.424763411357447523e-02
1.157909474588316723e-01
2.632322481491810029e-01
4.047225098520145226e-01
5.370428180869882828e-01
6.571822509628496567e-01
7.624063078568892315e-01
8.503190636047485151e-01
9.189176364421516308e-01
9.666377324411656868e-01
9.923892317784116512e-01
9.955810082604588107e-01
9.761344179804680721e-01
9.344851502393632936e-01
8.715733980944793124e-01
7.888225710997953666e-01
6.881070329537133379e-01
5.717095959670959182e-01
4.422697368482317315e-01
3.027237089930428504e-01
1.562379104843388267e-01
6.137020166227877792e-03
-1.441714670077911542e-01
-2.912745923511527169e-01
-4.318314176238243207e-01
-5.626488820353692244e-01
-6.807543099615753768e-01
-7.834629232280779787e-01
-8.684388251449467466e-01
-9.337480716040261752e-01
-9.779026241114453510e-01
-9.998941865469359591e-01
-9.992171570223117305e-01
-9.758801732422255348e-01
-9.304059886448479144e-01
-8.638196814417603564e-01
-7.776254634744688143e-01
-6.737726145487906715e-01
-5.546113147257698550e-01
-4.228393763358072044e-01
-2.814410840384020118e-01
-1.336195303843596971e-01
1.727601801499350359e-02
1.678260757968923489e-01
3.146184923072888329e-01
4.543258435821329599e-01
5.837809068494733689e-01
7.000485050330541581e-01
8.004920910815102042e-01
8.828335612859349313e-01
9.452049403723831178e-01
9.861907655793377137e-01
1.004860207966259633e+00
1.000788202059942344e+00
9.740651043444255031e-01
9.252946613785348884e-01
8.555803335753007222e-01
7.665002848803094126e-01
6.600716057458145825e-01
5.387045810780290989e-01
4.051480406939670931e-01
2.624270321355540725e-01
1.137742298627386905e-01
-3.744336306861879154e-02
-1.878007579672359428e-01
-3.338926361923755803e-01
-4.724105559171075108e-01
-6.002179585602962497e-01
-7.144212734583273994e-01
-8.124355079334429908e-01
-8.920428350947293694e-01
-9.514428506396411800e-01
-9.892933589994575838e-01
-1.004740764100621186e+00
-9.974393759165456341e-01
-9.675591955073747918e-01
-9.157820026799134983e-01
-8.432858358132856447e-01
-7.517182167650483526e-01
-6.431587291202772727e-01
-5.200717995790461456e-01
-3.852507545145124612e-01
-2.417544216328839091e-01
-9.283771573687972511e-02
5.812221599795379390e-02
2.077026131752688076e-01
3.525127470887409187e-01
4.892708295718671274e-01
6.148784407968110877e-01
7.264907874621405748e-01
8.215811975535814993e-01
8.979983887704121592e-01
9.540152118085226673e-01
9.883677632550121883e-01
1.000283981482920526e+00
9.895010776760544413e-01
9.562714075426274052e-01
9.013566516412387930e-01
8.260104375877139748e-01
7.319497997149422286e-01
6.213161250667794677e-01
4.966264731728117776e-01
3.607163754600353212e-01
2.166754134534004950e-01
6.777703871546655878e-02
-8.259577194157946556e-02
-2.310273380310073066e-01
-3.741468297242661611e-01
-5.087047944099114538e-01
-6.316469184078279397e-01
-7.401833496530504375e-01
-8.318520080472413536e-01
-9.045744467637190089e-01
-9.567029969840356030e-01
-9.870581264971742819e-01
-9.949551648130661174e-01
-9.802197888843303675e-01
-9.431919187135848759e-01
-8.847179352550708087e-01
-8.061313981259223826e-01
-7.092227017065384498e-01
-5.961983593057660347e-01
-4.696308404959559368e-01
-3.324001011414764450e-01
-1.876281341870580377e-01
-3.860802765919767177e-02
1.112708590278300852e-01
2.585999013095958698e-01
4.000286496146062687e-01
5.323409449861268294e-01
6.525279818840942214e-01
7.578566592308465522e-01
8.459316677820272190e-01
9.147499041500838368e-01
9.627459760500022279e-01
9.888277656210717748e-01
9.924012434109423797e-01
9.733839696657526908e-01
9.322069764118198210e-01
8.698049876102079692e-01
7.875951994276185752e-01
6.874451023856261722e-01
5.716300759301868872e-01
4.427817181577023975e-01
3.038280837729667172e-01
1.579271870632595887e-01
8.395279583080022048e-03
-1.413684691162176432e-01
-2.879591776992307950e-01
-4.280435933274781557e-01
-5.584358100604196462e-01
-6.761696462135764474e-01
-7.785660373180872673e-01
-8.632939144362359318e-01
-9.284231854326074895e-01
-9.724686160248878775e-01
-9.944236139743010128e-01
-9.937831489357561443e-01
-9.705552870708124003e-01
-9.252610779361516435e-01
-8.589227955317941809e-01
-7.730407997264813202e-01
-6.695595425738655182e-01
-5.508234904294511125e-01
-4.195239616839273045e-01
-2.786380861468452097e-01
-1.313612709675254231e-01
1.896529459389610997e-02
1.689304505767700582e-01
3.151304736167416798e-01
4.542463235452011694e-01
5.831189762813587807e-01
6.988211333608436160e-01
7.987236805972131037e-01
8.805553874583723628e-01
9.424544920576543028e-01
9.830110007298097363e-01
1.001298741808912984e+00
9.968964456687723352e-01
9.698973720523591524e-01
9.209072655558256937e-01
8.510306849492625947e-01
7.618460158015605277e-01
6.553697326449676730e-01
5.340107208406634776e-01
4.005156938544020551e-01
2.579069437045617419e-01
1.094138363171323070e-01
-4.160039453114440511e-02
-1.917148943028317565e-01
-3.375287464146606298e-01
-4.757380833750285976e-01
-6.032110012581375358e-01
-7.170585782272118625e-01
-8.147003861685968573e-01
-8.939230093955599088e-01
-9.529302429902627436e-01
-9.903838320771115589e-01
-1.005433827878319475e+00
-9.977378719249461181e-01
-9.674689709407352511e-01
-9.153115859839126012e-01
-8.424461245006736876e-01
-7.505221869998006667e-01
-6.416211751330820334e-01
-5.182091092738689841e-01
-3.830807257525299936e-01
-2.392961216939526459e-01
-9.011138442387942038e-02
6.109522116912165929e-02
2.108998332018625632e-01
3.559106044339568897e-01
4.928445847669783442e-01
6.186021309829753401e-01
7.303371562378421222e-01
8.255216262428953788e-01
9.020028396212984578e-01
9.580521936537689243e-01
9.924043298138620628e-01
1.004285771754579226e+00
9.934324067921156409e-01
9.600954150311822310e-01
9.050355123469567831e-01
8.295056385354483419e-01
7.352224840529366645e-01
6.243275019393343950e-01
4.993382900170209027e-01
3.630914468643439696e-01
2.186781984285939007e-01
6.937425607891246904e-02
-8.143450231125602679e-02
-2.303288419889735761e-01
-3.739337289760155669e-01
-5.089948762012546091e-01
-6.324525416069330941e-01
-7.415109041697743875e-01
-8.337014442016831284e-01
-9.069388904193101952e-01
-9.595684650062006327e-01
-9.904033554074033185e-01
-9.987515634109820351e-01
-9.844315231513178777e-01
-9.477761345444170038e-01
-8.896251215523073297e-01
-8.113058896071184689e-01
-7.146033174938948296e-01
-6.017191700737150040e-01
-4.752220537273913470e-01
-3.379890509727909165e-01
-1.931403594859434081e-01
-4.396841945566155180e-02
1.061368617786226654e-01
2.537650903504974353e-01
3.955628243142518818e-01
5.283097121538902208e-01
6.489916031560581944e-01
7.548689702339977936e-01
8.435390922329583097e-01
9.129905844328590758e-01
9.616490396772906513e-01
9.884127443557094717e-01
9.926776587697864196e-01
9.743510951115669227e-01
9.338537828406715535e-01
8.721102748478720690e-01
7.905279124508205468e-01
6.909648269790650277e-01
5.756877045746785493e-01
4.473202732151381200e-01
3.087836815813851943e-01
1.632301234670879564e-01
1.397121477576693249e-02
-1.355972506988002146e-01
-2.820724582730501639e-01
-4.221218902533524497e-01
-5.525590490907785757e-01
-6.704158663521557759e-01
-7.730101532232749317e-01
-8.580065607596363275e-01
-9.234696653730071203e-01
-9.679079737466486089e-01
-9.903078474552270416e-01
-9.901565763505707496e-01
-9.674540760708976173e-01
-9.227129432498410999e-01
-8.569468662831464245e-01
-7.716476538578721511e-01
-6.687514018612636946e-01
-5.505945659003320669e-01
-4.198609358796236979e-01
-2.795207157016466604e-01
-1.327630904799691203e-01
1.707618838111547854e-02
1.665905566461126641e-01
3.123800097071120496e-01
4.511283375790195449e-01
5.796784689075341612e-01
6.951042132053945055e-01
7.947767721045879696e-01
8.764245089693872837e-01
9.381846190699182353e-01
9.786455262031666935e-01
9.968790420013836640e-01
9.924615564163451475e-01
9.654837767424720996e-01
9.165487923970010442e-01
8.467585076147526868e-01
7.576887482267329332e-01
6.513536057849463878e-01
5.301598266344257349e-01
3.968522795730326513e-01
2.544517383467220784e-01
1.061863898045080357e-01
-4.458137888296229839e-02
-1.944312531920660558e-01
-3.399625939832884303e-01
-4.778716091771675334e-01
-6.050263430838564993e-01
-7.185377813867452890e-01
-8.158254576948593684e-01
-8.946760721300274222e-01
-9.532937907812634171e-01
-9.903410834505864679e-01
-1.004969171655652360e+00
-9.968373944790871466e-01
-9.661210512187594635e-01
-9.135075411948118118e-01
-8.401808865776507762e-01
-7.477949876922724837e-01
-6.384362159463004005e-01
-5.145761915196898073e-01
-3.790158157498420000e-01
-2.348218266897859341e-01
-8.525731610097196655e-02
6.629221668942479606e-02
2.163955972010399853e-01
3.616537542177031828e-01
4.987767800264419349e-01
6.246585244029724260e-01
7.364470300432843786e-01
8.316092113190264312e-01
9.079883086846046725e-01
9.638528148279896790e-01
9.979357620242831350e-01
1.009463478733919173e+00
9.981731623303438106e-01
9.643188685257456649e-01
9.086657808329721142e-01
8.324728892949333492e-01
7.374644706955962858e-01
6.257910165712248229e-01
4.999804947984168857e-01
3.628810499121514210e-01
2.175964416215870056e-01
6.741568583025475681e-02
-8.426150591020382941e-02
-2.340017971709253408e-01
-3.784160592629792208e-01
-5.142361999605622458e-01
-6.383892453008440659e-01
-7.480669937009044590e-01
-8.407896620526229547e-01
-9.144620797496052500e-01
-9.674211556767812192e-01
-9.984735412164387203e-01
-1.006922634802859484e+00
-9.925843154418940717e-01
-9.557910484127666306e-01
-8.973842702813713545e-01
-8.186952263862917745e-01
-7.215146960718632485e-01
-6.080522931853211688e-01
-4.808862660006457124e-01
-3.429049364055934968e-01
-1.972411079930359024e-01
-4.720093232112654302e-02
1.038111515771389520e-01
2.523697002041871973e-01
3.951060164414779696e-01
5.287846029247167401e-01
6.503765821199375408e-01
7.571284161593311302e-01
8.466243662422108240e-01
9.168412735890620890e-01
9.661944183271597986e-01
9.935734153276757352e-01
9.983673323049176984e-01
9.804784602911917890e-01
9.403244243556183601e-01
8.788285872894578965e-01
7.973989649173462979e-01
6.978961326734217652e-01
5.825908531740826568e-01
4.541123880434318472e-01
3.153886688970442553e-01
1.695796873540489358e-01
2.000561802348113649e-02
-1.299286919046047095e-01
-2.768111502629951870e-01
-4.173000049264650180e-01
-5.481998228741755685e-01
-6.665341363998807944e-01
-7.696131052963093300e-01
-8.550946570877350217e-01
-9.210377155892860435e-01
-9.659463078669020542e-01
-9.888035469749200113e-01
-9.890947179505154008e-01
-9.668189422173761871e-01
-9.224891551685054925e-01
-8.571203973596563941e-01
-7.722066854137602521e-01
-6.696869883739030582e-01
-5.519010829467378976e-01
-4.215362912173623022e-01
-2.815663117590951892e-01
-1.351835348911405721e-01
1.427361893616477251e-02
1.633966853967352972e-01
3.087847392549618597e-01
4.471218096908363693e-01
5.752523673203406851e-01
6.902531659642124895e-01
7.894998049740533652e-01
8.707264978426412227e-01
9.320776871817052500e-01
9.721503314404169593e-01
9.900259007508455111e-01
9.852913532060426638e-01
9.580486133853597375e-01
9.089123363465082539e-01
8.389960066622037527e-01
7.498866873353813300e-01
6.436089915500895486e-01
5.225790953347602130e-01
3.895498357570328918e-01
2.475481420808132438e-01
9.980622178402762112e-02
-5.031193451144457679e-02
-1.993870585415068453e-01
-3.440223810498455048e-01
-4.809209112157425969e-01
-6.069604616071924141e-01
-7.192647124822372229e-01
-8.152686991332770416e-01
-8.927772326001666148e-01
-9.500149245894481398e-01
-9.856666781829712676e-01
-9.989077225638864910e-01
-9.894225076067552083e-01
-9.574120273703532469e-01
-9.035894045390495677e-01
-8.291638347022414202e-01
-7.358132539730470878e-01
-6.256463498097671883e-01
-5.011547771874066415e-01
-3.651566649603039116e-01
-2.207326952963423183e-01
-7.115620794521559933e-02
8.018108301618999401e-02
2.298460725277124417e-01
3.744421991145877038e-01
5.106865601461947346e-01
6.354844558280656752e-01
7.459996683797845973e-01
8.397188797598633681e-01
9.145087645026804823e-01
9.686644607044395672e-01
1.000948318143852545e+00
1.010618043496668506e+00
9.974436035698091008e-01
9.617125029637707545e-01
9.042233167568982655e-01
8.262676256851666512e-01
7.296007647943848484e-01
6.164020506782535991e-01
4.892253914016843619e-01
3.509414016162476502e-01
2.046723382311024797e-01
5.372133493161465601e-02
-9.850245686970017511e-02
-2.485611203392713853e-01
-3.930658644250019651e-01
-5.287537854397972303e-01
-6.525617565685913890e-01
-7.616957685120281374e-01
-8.536941482599212927e-01
-9.264832225120348541e-01
-9.784241643458930771e-01
-1.008349962453896076e+00
-1.015591677056775888e+00
-9.999933903304603078e-01
-9.619155163052295343e-01
-9.022263998568418319e-01
-8.222824005827441551e-01
-7.238969189859633113e-01
-6.092990735197676422e-01
-4.810829719676011917e-01
-3.421487339996286958e-01
-1.956366087147037025e-01
-4.485568729045390918e-02
1.067911670142973612e-01
2.558844641090409766e-01
3.990655539117679562e-01
5.331126547844050600e-01
6.550137172897074755e-01
7.620344699893270013e-01
8.517801045916666425e-01
9.222492034040994380e-01
9.718786894168687240e-01
9.995787843883274792e-01
1.004757188331390383e+00
9.873319396103079626e-01
9.477326728376488374e-01
8.868902560274571911e-01
8.062150529869653859e-01
7.075643156854686255e-01
5.931994584320730013e-01
4.657341954938326589e-01
3.280747310667775918e-01
1.833533705554735993e-01
3.485707083740367807e-02
-1.140474387941772527e-01
-2.599902565738441140e-01
-3.996748829321160601e-01
-5.299530258409134165e-01
-6.478959346831918431e-01
-7.508606411811004078e-01
-8.365496035342055992e-01
-9.030624017616195598e-01
-9.489383148178257565e-01
-9.731888191783731878e-01
-9.753192794739126148e-01
-9.553393491049775310e-01
-9.137618569352151665e-01
-8.515902192339007692e-01
-7.702946780072419397e-01
-6.717779217372065181e-01
-5.583308865170704127e-01
-4.325797591154961763e-01
-2.974254035137447461e-01
-1.559766043941813174e-01
-1.147866099242601974e-02
1.327610305106963207e-01
2.734487006671639797e-01
4.073795029612912177e-01
5.315106605052296596e-01
6.430307921118768588e-01
7.394238357353289937e-01
8.185261125085374623e-01
8.785752330926925868e-01
9.182497361339437836e-01
9.366985619735723745e-01
9.335596984801332043e-01
9.089675845991241898e-01
8.635491152439577212e-01
7.984083525646141766e-01
7.151003074374884250e-01
6.155944052944714029e-01
5.022284864209851651e-01
3.776544072016959630e-01
2.447765005336466348e-01
1.066843163748275175e-01
-3.341880655685132429e-02
-1.722896925450573269e-01
-3.067201021417331752e-01
-4.336106075123961623e-01
-5.500418724284152905e-01
-6.533417004191838240e-01
-7.411463130668339838e-01
-8.114544541497362706e-01
-8.626730812292711104e-01
-8.936536005081526790e-01
-9.037178188972716519e-01
-8.926730241946523314e-01
-8.608158546587152404e-01
-8.089248772943858912e-01
-7.382420539382041902e-01
-6.504435297627587653e-01
-5.476004242545225997e-01
-4.321305344207710952e-01
-3.067420686798499330e-01
-1.743707127974307713e-01
-3.811148215766507752e-02
9.885306590640571822e-02
2.333266027835973755e-01
3.621730802322609688e-01
4.823893550458818735e-01
5.911747121308522646e-01
6.859956832480014199e-01
7.646446673835670671e-01
8.252910017744893301e-01
8.665233067313048432e-01
8.873821285713767715e-01
