5.000000000000000000e+00
8.634505234619351821e-01
-6.928022113590937003e-02
1.200937946268448853e+00
1.447306731259760948e+00
1.931938079743109604e-01
-2.883912993741632569e+00
1.155423882047208028e+00
8.911888846652455953e-01
-2.867439976127136303e-01
5.871466037627107726e-01
4.583891146497559577e-01
2.166234234685429083e+00
-8.093058294574492217e-01
-2.763173814022767405e-01
-7.899964580531867453e-01
-2.396485768856998266e+00
-5.420389964015975837e-01
-2.451688850039074552e+00
-1.470771326385974298e+00
-1.471396207936673139e+00
3.160592929729907352e-01
1.046266116843309391e+00
-2.374158625460831118e+00
5.757295739027810111e-01
6.122382662708466539e-01
-8.261758425855224575e-01
-2.754634591697161738e+00
-2.087729591155700781e+00
1.675767863964985782e+00
-2.137183186128847723e+00
-1.589172033698167397e+00
1.183693367213676684e+00
2.330544380093860113e+00
1.468511890181106949e+00
-1.121226608750136799e+00
2.880511502412183678e+00
1.545277294480946306e+00
-7.155347049763846057e-01
-2.836687476764204741e-01
-1.721061795311955578e-01
1.773366734890610363e+00
-6.611012034532408599e-01
1.239042435244212648e+00
2.105842007765831081e+00
1.201790680883915385e+00
2.815178837108512688e+00
4.901054470711440070e-01
9.319896805317913202e-01
-3.102399515058805735e-01
8.778525229246753048e-02
2.547528390736342185e-02
-3.114625482269877565e+00
3.130989423646828307e-01
6.535287868394024091e-01
-1.518367803621523127e-04
-9.950539023612604561e-01
-1.672060656932050637e-02
2.842019853143254338e+00
-2.133177415173592273e+00
-2.387414171427113541e+00
-7.177920115305138626e-01
-7.742302297626423302e-01
-2.213720694893156704e+00
-4.111081708967157411e+00
9.359377169555096465e-01
2.277440882671218914e-01
-1.252085133104015036e+00
2.139555241812662878e-02
4.959272883186106595e-01
1.674409641591595221e+00
-1.901122692067056086e+00
-6.018488292234169812e-01
-1.717023926117698940e-01
-1.385632629112247383e+00
2.984739869604352558e-01
-8.971260598646830786e-01
1.205353622826269122e+00
1.063355009764051173e+00
2.135610582055047502e+00
2.520388662749529551e+00
-3.713896479281966201e-01
2.357469083331280579e+00
1.343639616281080418e+00
-6.896216547188877000e-02
-1.186073526481907559e+00
-7.014873364687523871e-02
2.917459238000255084e+00
-1.167793784791373080e+00
9.818478006861852680e-02
2.569716856401240701e+00
2.446366592411073793e+00
5.390466710556887087e-01
-1.789579729598064883e+00
2.173571148226402183e+00
-2.584356368464268972e-01
-2.787996153636319807e+00
-1.663180126901182110e+00
-8.626077002493383050e-01
5.362656055683022727e-01
-2.427050983124833916e+00
1.349172795436676120e-02
9.811871947995115528e-01
-6.079838950251137408e-01
9.381281863825530198e-02
-1.915058695802434929e+00
-6.742363228174399481e-01
-2.050945760982910482e+00
-1.679609164966028745e+00
-1.013561726508622751e+00
-2.794543665755386819e+00
8.859974795053829899e-01
6.257493011642272229e-01
3.147224489039056050e-01
-4.674505400710871061e-02
8.993361535998573020e-01
2.836230473452957312e+00
-2.022010521422210605e+00
-1.024994652124895378e+00
9.568798813626262501e-01
6.382082723684714409e-01
-5.577189942065532424e-01
-1.265817131450346134e+00
3.999130299075686956e+00
2.163176666067035292e+00
2.928932188134176773e-01
1.779209808150846062e+00
2.110307492573040733e+00
2.133577478104160541e+00
-1.971390808867317990e+00
1.096121350176173515e-01
7.887177152400514091e-01
-8.730883088048869700e-01
3.155425883760455408e-01
-4.459293183791206427e-01
1.838219790442461532e+00
5.395219832706017460e-01
6.275332499541452780e-01
7.871396839160560432e-01
-1.847857248965621313e+00
2.600705913806600211e-01
-1.503786349640432896e+00
-2.243590826229085344e+00
-2.463126002650558366e+00
-1.217625975239604585e+00
1.139186083576528175e+00
-2.636326031681518245e+00
-5.172521410662130892e-01
1.455862725267432545e+00
4.613700618903509576e-01
-1.451056516295093246e+00
-2.743085819657475000e+00
1.465060983412054707e+00
-1.422378815320521017e+00
-3.124203082566102907e+00
-6.647117313973538444e-01
7.368580071485770766e-01
1.605647002911222865e+00
-1.331371111580011535e+00
1.955330673064429980e+00
2.739719416952616005e+00
3.777487838304394163e-01
7.323474345685441200e-01
-4.768366051516074178e-01
1.314170061835498338e+00
-5.331586797245697618e-01
-6.841664402826744262e-02
1.277238958884696185e+00
1.781426528057783454e-02
2.904487261348033478e+00
1.624103341110266108e+00
1.409563348254972981e+00
9.115354957965140503e-01
9.774614003359656245e-01
1.832072757578372846e+00
-2.747761851265174471e+00
-9.532160432529024341e-01
5.449240215132999943e-01
-3.401184928099738047e-01
-1.309519740459213821e+00
-1.370637008995004846e+00
3.214099269682144655e+00
5.127479432310844132e-03
-1.888972571440657333e+00
-8.362020949117365820e-02
-7.141555441081381961e-02
-8.436714155985470809e-01
-4.523883949985863850e+00
-1.106923155000673731e+00
-2.136490148974971304e-01
-2.101007407239560809e+00
-6.799546559496517650e-01
-5.397694630619743750e-01
1.828408960415085271e+00
-3.947131109308223418e-01
-3.396175082157722458e-01
4.752856823193835067e-01
-1.591098264348219438e+00
2.653403232776151421e-01
-1.323424447476387211e+00
-6.909830056250978458e-01
-1.441309925918453916e-01
9.166492588813199838e-01
2.823946831260291113e+00
-4.453975242809380397e-01
2.050278157691935554e+00
2.972568609091710279e+00
1.231264840964749085e+00
-3.711957885336207852e-01
-9.427142378307433734e-01
2.857115357559683044e+00
-6.539640070151104823e-01
-1.585134667062077396e+00
1.432145440840594697e+00
2.245933391242420196e+00
1.905744167550316615e+00
-1.229593102178602848e+00
2.268913875351662224e+00
1.982610066460098519e+00
-1.411974923874335097e+00
-1.104463100004883458e+00
-1.570559299703260914e+00
1.974974802984645894e-01
-2.327461765926609694e+00
-1.497608625378763048e+00
4.428117469278869400e-01
-8.872777077077343977e-01
9.849533463242462483e-01
-7.669221347924309873e-01
-3.953788419055445091e-01
-9.635443257381015592e-01
-1.390367711979020537e+00
-5.508454679562517775e-01
-3.898511187175895287e+00
-1.088800963880385719e+00
1.156858336458291003e-01
-6.075893590474102934e-01
-7.163454291660988904e-01
-1.537760856402012877e-01
3.694752575845373865e+00
-2.086536148335965679e-01
-1.294549551518777042e+00
1.056656141229582069e+00
8.083045234554389058e-01
-1.894708272356262491e-01
-2.810520300292993046e+00
1.751516688682098533e+00
2.223321300070754791e+00
-1.024056728742167577e-01
1.535502782853250814e+00
1.999999999999997335e+00
3.533568652209467587e+00
7.329672022742184101e-02
2.407060379316211252e-01
1.401470570731717435e+00
-8.586867764155272642e-01
3.322121853441217798e-01
-1.097654159578948629e+00
3.673702948804132840e-01
5.507959282215673102e-01
6.429049682963787760e-01
1.924289953180501112e+00
-1.161022488911641393e+00
9.655437354301784625e-01
5.475560477972680751e-01
-1.464624191105654116e+00
-2.382912887019286163e+00
-2.432000494730820250e+00
8.722258864623163577e-01
-2.731738865052480314e+00
-2.504570811289728915e+00
8.104802414725440496e-01
8.801430604643886157e-01
-7.606902228923018150e-02
-2.627645217046730597e+00
1.350792746406976663e+00
3.226033159912556347e-01
-3.075380177402224913e+00
-1.688483591487207391e+00
-9.884869660467230368e-01
8.327032222523176319e-01
-1.823700141414078990e+00
9.238178043987398461e-03
2.507108195541587037e+00
7.647246983425466382e-01
1.842922649393996304e+00
2.460913028349647202e-01
1.319108371876456687e+00
4.047673669008375885e-01
-3.659424419108289750e-01
8.925408561024070764e-01
-1.403493091183830366e+00
1.552859554638284845e+00
1.861237880275489420e+00
1.103910724178251757e+00
1.255982376422610791e+00
1.353412978851752602e+00
3.776423238596172904e+00
-7.984040535057641552e-01
-1.247422733848819076e+00
9.270509831249265087e-01
-7.784888650019705647e-02
-1.243162438194589159e+00
-2.969325881122923505e+00
1.862592293944789423e+00
1.160604631045225599e+00
-1.650095833512347454e+00
2.177931889928476084e-01
5.739817699144091900e-01
1.028600207448935322e+00
-3.064514755442840244e+00
-2.006931088468062452e+00
-3.011102835732020200e-01
-2.659741725069474594e+00
-1.485558635213027223e+00
-1.992002925764654986e+00
3.893777845561893769e-01
7.320846344612945422e-02
-2.953236988093542181e-01
1.225497688888247616e+00
-1.245055969936308404e+00
6.901249643023410485e-01
-2.898583019232053304e-01
-1.450300991209251711e+00
-1.178928812999734399e+00
-7.723851700750382632e-01
2.231492718607093195e+00
-9.627917926441883489e-01
3.414969708563909134e-01
3.299689498614691185e+00
2.360352446479575761e+00
1.079104086541089913e+00
-8.789521668994130232e-01
3.023763868504504959e+00
9.819326158943308958e-01
-2.187319828273786904e+00
1.183600957205326321e-01
1.072169515245843474e+00
2.064371169436907572e+00
-1.054124182213194594e+00
1.281782162109825984e+00
3.258998123666253743e+00
2.412057526931492557e-01
4.402660435741555522e-01
-9.381980729355853255e-01
3.533711001033298382e-01
-1.359620629695952543e+00
-2.285290906682615031e+00
-3.754027113196002352e-01
-2.042017179275039673e+00
4.510565162949947693e-01
-7.243391675026100707e-02
-4.931910203059117204e-01
-1.548406138117971453e-01
-6.554031802883280022e-01
9.509694569395887864e-01
-3.215099888451384391e+00
-2.450559714719691140e+00
-2.450118809477647985e-01
-1.340605126504200939e+00
-1.724158811248222456e+00
-2.185524138391169657e+00
2.741675931052291570e+00
1.137074701321177272e+00
-1.370207106222816051e+00
1.160743949951895670e+00
1.404225095289809655e+00
1.155714045199693452e+00
-2.649361206431838145e+00
-2.076524954391948952e-01
1.798267986021746090e+00
-8.265265576781635204e-01
5.455966808083803077e-01
8.258021862198697827e-01
3.254236042867095779e+00
1.707106781186697786e+00
8.125110498248945268e-01
2.466144285457154250e+00
-4.995653606113248379e-02
1.082185224444276894e+00
-4.334453175894167343e-01
-7.772615209665016955e-01
-1.058349308818106183e-01
-2.070416723400699821e-01
2.076672282409327330e+00
-9.824253843085564153e-01
5.473381091468549897e-01
2.248725424428920316e+00
2.017350813200849968e-01
-1.085291710792526398e+00
-2.543877198626672609e+00
9.797701295593449489e-01
-1.754989530305768097e+00
-4.050906282695350136e+00
-7.747249591768765598e-01
7.606523340371262876e-02
3.693934000073910706e-01
-2.574874305015776965e+00
5.326456729006355806e-01
1.940939084534354375e+00
-1.809016994375016729e+00
-1.336834167928083517e+00
-1.645355033923651566e+00
1.410877918352469451e-01
-1.846588289305588493e+00
-1.979919690854279324e+00
1.080782454757895028e+00
-1.641914007318363566e-01
1.774765897236184831e+00
9.296427618337625987e-01
1.200622644543622108e+00
1.494515618055772377e+00
3.240885060568929887e-01
1.652318914174041975e+00
-1.673282703388418335e+00
-6.190677077786244098e-02
1.633026798117698686e+00
3.691393648302618846e-01
5.697862350288278588e-01
4.459085015444969047e-01
4.379941634525847505e+00
1.481834522745438143e+00
-8.536885682709720591e-01
1.690552084417212164e+00
1.062584044903822633e+00
-1.439494312003519738e-02
-3.372855250152055007e+00
-3.358234118320210793e-02
1.397519549343414935e+00
-1.863425812636361867e+00
-3.216438152649944149e-01
2.827049797681393528e-01
1.998699041893746475e+00
-8.649861970021194280e-01
-1.715519377562369829e+00
3.779555048771762182e-01
-2.216885098977630975e+00
-1.489169961484105631e+00
-2.604712575004488606e+00
-1.603308473608453300e+00
-6.348008113393698304e-01
-1.093542729932277080e+00
1.180828054751577705e+00
-1.202434246891426639e+00
5.618707007728351854e-01
1.322471893867049886e+00
-7.870892629364789617e-01
-1.136207318009316625e+00
-1.801453970763921220e+00
1.590256905060442261e+00
-1.087785252292553517e+00
-1.978396818732353513e+00
1.960868748094867442e+00
2.248738067452183742e+00
1.940947303806610513e+00
-6.337185704839363165e-01
2.818665765192430950e+00
3.137234725224971932e+00
-1.207005074487953467e+00
-1.728302870735993757e-01
2.026564496403177040e-01
1.695483489528735621e+00
-9.162581346789132608e-01
-4.515258057371644984e-01
2.905643582178896178e+00
8.777865119813029748e-01
1.619165501236897953e+00
3.447791709543540639e-01
8.584190368240163238e-01
3.679897749530695039e-01
-1.639803411799228616e+00
-2.376562391526477747e-01
-2.753368680201592866e+00
-8.997442850281965887e-01
2.575319401130274355e-03
-1.169774782106140831e+00
-4.097251091937650358e-01
-6.788027532907462414e-01
2.180804015096733384e+00
-1.279529586103762773e+00
-2.746244187434202289e+00
1.271221909169795161e-02
-1.046388910441385267e+00
-1.901945753846379095e+00
-3.921370790879822987e+00
4.358176492523411216e-01
1.356361120032245626e+00
-1.891548333711358332e+00
4.383874002997423247e-01
1.388691270804693900e+00
2.396800708694639681e+00
-1.057911982167136111e+00
-9.862788306426678586e-01
1.761494421312874925e+00
-9.531497160750687092e-01
-2.430926748188887432e-01
-5.218219377985351404e-01
1.464066664452684963e+00
1.922986997150561095e+00
7.755142868261333255e-01
3.000000000000000000e+00
7.755142868263513733e-01
1.922986997150366806e+00
1.464066664453026467e+00
-5.218219377986810237e-01
-2.430926748187166586e-01
-9.531497160750842523e-01
1.761494421312649994e+00
-9.862788306424314921e-01
-1.057911982167494047e+00
2.396800708694768911e+00
1.388691270804605971e+00
4.383874002997592001e-01
-1.891548333711126961e+00
1.356361120032018919e+00
4.358176492527313650e-01
-3.921370790879951773e+00
-1.901945753846350229e+00
-1.046388910441351960e+00
1.271221909146280638e-02
-2.746244187433996231e+00
-1.279529586104139138e+00
2.180804015096890147e+00
-6.788027532907385808e-01
-4.097251091938481915e-01
-1.169774782105865718e+00
2.575319400943326675e-03
-8.997442850278737358e-01
-2.753368680201766505e+00
-2.376562391526696461e-01
-1.639803411799128030e+00
3.679897749527272222e-01
8.584190368240118829e-01
3.447791709542520344e-01
1.619165501237061378e+00
8.777865119813714756e-01
2.905643582178851769e+00
-4.515258057369950784e-01
-9.162581346788355452e-01
1.695483489528901710e+00
2.026564496401748183e-01
-1.728302870737155050e-01
-1.207005074487794705e+00
3.137234725224953724e+00
2.818665765192298167e+00
-6.337185704840662126e-01
1.940947303806800139e+00
2.248738067452324074e+00
1.960868748094743541e+00
-1.978396818732330198e+00
-1.087785252292436056e+00
1.590256905060518644e+00
-1.801453970764100854e+00
-1.136207318009392564e+00
-7.870892629363628323e-01
1.322471893866952186e+00
5.618707007727741232e-01
-1.202434246891457947e+00
1.180828054751644096e+00
-1.093542729932211799e+00
-6.348008113394187912e-01
-1.603308473608389129e+00
-2.604712575004532571e+00
-1.489169961483973070e+00
-2.216885098977789958e+00
3.779555048768230563e-01
-1.715519377562038317e+00
-8.649861970028306368e-01
1.998699041894009820e+00
2.827049797680837306e-01
-3.216438152648430915e-01
-1.863425812636167134e+00
1.397519549342975509e+00
-3.358234118240752131e-02
-3.372855250152388074e+00
-1.439494312013422928e-02
1.062584044903753133e+00
1.690552084417034973e+00
-8.536885682705166456e-01
1.481834522744643667e+00
4.379941634526243632e+00
4.459085015446039302e-01
5.697862350287077327e-01
3.691393648305882902e-01
1.633026798117353628e+00
-6.190677077722467336e-02
-1.673282703388833781e+00
1.652318914173934061e+00
3.240885060570738441e-01
1.494515618055300088e+00
1.200622644544054873e+00
9.296427618333451548e-01
1.774765897236478374e+00
-1.641914007318659996e-01
1.080782454757793776e+00
-1.979919690854055281e+00
-1.846588289305858055e+00
1.410877918354395133e-01
-1.645355033923834309e+00
-1.336834167928047101e+00
-1.809016994374951892e+00
1.940939084534082815e+00
5.326456729010391467e-01
-2.574874305015963927e+00
3.693934000075924651e-01
7.606523340379733877e-02
-7.747249591769505006e-01
-4.050906282694919369e+00
-1.754989530306203749e+00
9.797701295596015214e-01
-2.543877198626898206e+00
-1.085291710792865238e+00
2.017350813202212212e-01
2.248725424428427377e+00
5.473381091471782867e-01
-9.824253843087993321e-01
2.076672282409417036e+00
-2.070416723397048298e-01
-1.058349308820004664e-01
-7.772615209660284075e-01
-4.334453175896225696e-01
1.082185224444474070e+00
-4.995653606112904210e-02
2.466144285456851826e+00
8.125110498251290059e-01
1.707106781186518374e+00
3.254236042867238332e+00
8.258021862198805518e-01
5.455966808085004338e-01
-8.265265576780794765e-01
1.798267986021488074e+00
-2.076524954389920019e-01
-2.649361206432056193e+00
1.155714045199642825e+00
1.404225095289775460e+00
1.160743949951899667e+00
-1.370207106222567583e+00
1.137074701320998305e+00
2.741675931052673931e+00
-2.185524138391124804e+00
-1.724158811248280632e+00
-1.340605126504117894e+00
-2.450118809480007487e-01
-2.450559714719549032e+00
-3.215099888451794286e+00
9.509694569395106267e-01
-6.554031802882804847e-01
-1.548406138120314024e-01
-4.931910203056526498e-01
-7.243391675036869870e-02
4.510565162953208973e-01
-2.042017179275008587e+00
-3.754027113196769516e-01
-2.285290906682315715e+00
-1.359620629696284055e+00
3.533711001033699173e-01
-9.381980729357901616e-01
4.402660435741559963e-01
2.412057526933468754e-01
3.258998123666095204e+00
1.281782162109889267e+00
-1.054124182213149741e+00
2.064371169437069220e+00
1.072169515245832372e+00
1.183600957203060355e-01
-2.187319828273629696e+00
9.819326158942556226e-01
3.023763868504437458e+00
-8.789521668996983506e-01
1.079104086541052610e+00
2.360352446479757393e+00
3.299689498614474026e+00
3.414969708564684625e-01
-9.627917926440587859e-01
2.231492718607168690e+00
-7.723851700749697624e-01
-1.178928812999996634e+00
-1.450300991209060086e+00
-2.898583019233352820e-01
6.901249643022768776e-01
-1.245055969936363471e+00
1.225497688888166792e+00
-2.953236988092393100e-01
7.320846344609073519e-02
3.893777845561686712e-01
-1.992002925764725152e+00
-1.485558635213102718e+00
-2.659741725069460827e+00
-3.011102835736186867e-01
-2.006931088467543756e+00
-3.064514755443375371e+00
1.028600207448882031e+00
5.739817699143977547e-01
2.177931889928715892e-01
-1.650095833512134291e+00
1.160604631044745982e+00
1.862592293945397159e+00
-2.969325881122821364e+00
-1.243162438194779895e+00
-7.784888650001309252e-02
9.270509831246458443e-01
-1.247422733848352783e+00
-7.984040535064993449e-01
3.776423238596261722e+00
1.353412978851884052e+00
1.255982376422268842e+00
1.103910724178532643e+00
1.861237880275165235e+00
1.552859554638803541e+00
-1.403493091183848129e+00
8.925408561022243337e-01
-3.659424419102494941e-01
4.047673669003497565e-01
1.319108371876860364e+00
2.460913028347345710e-01
1.842922649394101331e+00
7.647246983426850830e-01
2.507108195541230433e+00
9.238178044679183631e-03
-1.823700141414329234e+00
8.327032222523473859e-01
-9.884869660466305552e-01
-1.688483591487345947e+00
-3.075380177401917159e+00
3.226033159908546222e-01
1.350792746407281975e+00
-2.627645217046740811e+00
-7.606902228929368626e-02
8.801430604645922307e-01
8.104802414724092685e-01
-2.504570811289314136e+00
-2.731738865052660170e+00
8.722258864624615748e-01
-2.432000494730591988e+00
-2.382912887019435821e+00
-1.464624191105456941e+00
5.475560477969532158e-01
9.655437354304238218e-01
-1.161022488911756190e+00
1.924289953180385426e+00
6.429049682966134771e-01
5.507959282212521179e-01
3.673702948807775481e-01
-1.097654159579139810e+00
3.322121853442822070e-01
-8.586867764154466620e-01
1.401470570731564447e+00
2.407060379321090959e-01
7.329672022712080404e-02
3.533568652209650107e+00
2.000000000000121236e+00
1.535502782853295889e+00
-1.024056728738944599e-01
2.223321300070748574e+00
1.751516688682376977e+00
-2.810520300293061435e+00
-1.894708272356065981e-01
8.083045234554286917e-01
1.056656141229139756e+00
-1.294549551518702213e+00
-2.086536148339767083e-01
3.694752575845393405e+00
-1.537760856402604626e-01
-7.163454291662086915e-01
-6.075893590470697880e-01
1.156858336456135505e-01
-1.088800963880341310e+00
-3.898511187175958792e+00
-5.508454679562811984e-01
-1.390367711979001442e+00
-9.635443257384485038e-01
-3.953788419055104253e-01
-7.669221347925313514e-01
9.849533463242351461e-01
-8.872777077076240415e-01
4.428117469277722540e-01
-1.497608625378529013e+00
-2.327461765926670090e+00
1.974974802984851285e-01
-1.570559299703393474e+00
-1.104463100005149911e+00
-1.411974923874398158e+00
1.982610066459772336e+00
2.268913875351645792e+00
-1.229593102178710318e+00
1.905744167550279755e+00
2.245933391242687094e+00
1.432145440840507877e+00
-1.585134667061733449e+00
-6.539640070153314166e-01
2.857115357559729674e+00
-9.427142378308006609e-01
-3.711957885338095231e-01
1.231264840964986451e+00
2.972568609091633896e+00
2.050278157691967529e+00
-4.453975242810265245e-01
2.823946831260271129e+00
9.166492588812936715e-01
-1.441309925919710688e-01
-6.909830056248722485e-01
-1.323424447476641674e+00
2.653403232776758713e-01
-1.591098264348257185e+00
4.752856823192374014e-01
-3.396175082155694080e-01
-3.947131109306905028e-01
1.828408960415195184e+00
-5.397694630620172296e-01
-6.799546559498351739e-01
-2.101007407239383618e+00
-2.136490148975614400e-01
-1.106923155000601788e+00
-4.523883949985976649e+00
-8.436714155989403219e-01
-7.141555441068669907e-02
-8.362020949159804095e-02
-1.888972571440448833e+00
5.127479431743964255e-03
3.214099269682420879e+00
-1.370637008994435302e+00
-1.309519740459389681e+00
-3.401184928096573357e-01
5.449240215130455312e-01
-9.532160432522088778e-01
-2.747761851265444477e+00
1.832072757578044442e+00
9.774614003363369941e-01
9.115354957959826976e-01
1.409563348254953441e+00
1.624103341110083587e+00
2.904487261348196903e+00
1.781426528081964111e-02
1.277238958884559850e+00
-6.841664402784874977e-02
-5.331586797249789900e-01
1.314170061835788328e+00
-4.768366051517022308e-01
7.323474345682818853e-01
3.777487838306210488e-01
2.739719416952081321e+00
1.955330673064618274e+00
-1.331371111580042843e+00
1.605647002911237742e+00
7.368580071490226091e-01
-6.647117313973440744e-01
-3.124203082565739198e+00
-1.422378815320984202e+00
1.465060983412357132e+00
-2.743085819657518520e+00
-1.451056516295385901e+00
4.613700618905039463e-01
1.455862725266919622e+00
-5.172521410660319008e-01
-2.636326031681696769e+00
1.139186083576416042e+00
-1.217625975239158720e+00
-2.463126002650775526e+00
-2.243590826228823776e+00
-1.503786349640932940e+00
2.600705913807632719e-01
-1.847857248965740995e+00
7.871396839158315561e-01
6.275332499545405174e-01
5.395219832700864915e-01
1.838219790442629176e+00
-4.459293183790733472e-01
3.155425883759099825e-01
-8.730883088044657514e-01
7.887177152397762958e-01
1.096121350178430598e-01
-1.971390808867672817e+00
2.133577478103963365e+00
2.110307492573022081e+00
1.779209808150518324e+00
2.928932188137703951e-01
2.163176666067093024e+00
3.999130299075810413e+00
-1.265817131450147626e+00
-5.577189942067297679e-01
6.382082723686736125e-01
9.568798813624986854e-01
-1.024994652124687544e+00
-2.022010521422330953e+00
2.836230473452995948e+00
8.993361535998684042e-01
-4.674505400732670291e-02
3.147224489042003137e-01
6.257493011644447156e-01
8.859974795054108565e-01
-2.794543665755356177e+00
-1.013561726508882987e+00
-1.679609164965926604e+00
-2.050945760983097887e+00
-6.742363228173174905e-01
-1.915058695802596134e+00
9.381281863835444490e-02
-6.079838950250161522e-01
9.811871947993007215e-01
1.349172795476999420e-02
-2.427050983124675820e+00
5.362656055684759115e-01
-8.626077002492265056e-01
-1.663180126901459666e+00
-2.787996153636238095e+00
-2.584356368466171894e-01
2.173571148226398186e+00
-1.789579729598157254e+00
5.390466710557256791e-01
2.446366592411229668e+00
2.569716856400950267e+00
9.818478006901421029e-02
-1.167793784791200995e+00
2.917459238000363442e+00
-7.014873364664298006e-02
-1.186073526482185336e+00
-6.896216547175998413e-02
1.343639616281072868e+00
2.357469083331269477e+00
-3.713896479280585083e-01
2.520388662749565523e+00
2.135610582055220696e+00
1.063355009763893078e+00
1.205353622826544902e+00
-8.971260598646202400e-01
2.984739869604322582e-01
-1.385632629112114600e+00
-1.717023926120489485e-01
-6.018488292235970594e-01
-1.901122692067051645e+00
1.674409641591663167e+00
4.959272883187527681e-01
2.139555241816881725e-02
-1.252085133103802983e+00
2.277440882671257216e-01
9.359377169557701048e-01
-4.111081708967215143e+00
-2.213720694892984842e+00
-7.742302297622005725e-01
-7.177920115307201421e-01
-2.387414171426770704e+00
-2.133177415174082547e+00
2.842019853143058938e+00
-1.672060656910190346e-02
-9.950539023615522227e-01
-1.518367799898390214e-04
6.535287868389274557e-01
3.130989423648314895e-01
-3.114625482269852252e+00
2.547528390688968969e-02
8.778525229282246878e-02
-3.102399515061755042e-01
9.319896805318801380e-01
4.901054470708882116e-01
2.815178837108312404e+00
1.201790680884074147e+00
2.105842007765535318e+00
1.239042435244868567e+00
-6.611012034536669635e-01
1.773366734890714946e+00
-1.721061795310492304e-01
-2.836687476767782989e-01
-7.155347049760207856e-01
1.545277294480430275e+00
2.880511502412387070e+00
-1.121226608750168996e+00
1.468511890180601132e+00
2.330544380094049739e+00
1.183693367213494163e+00
-1.589172033697639597e+00
-2.137183186129235857e+00
1.675767863965027971e+00
-2.087729591155379705e+00
-2.754634591697612933e+00
-8.261758425851152277e-01
6.122382662706702394e-01
5.757295739029507642e-01
-2.374158625460726313e+00
1.046266116842804683e+00
3.160592929733656020e-01
-1.471396207936899181e+00
-1.470771326385609923e+00
-2.451688850039285938e+00
-5.420389964016508744e-01
-2.396485768856879695e+00
-7.899964580536295022e-01
-2.763173814019803665e-01
-8.093058294575323774e-01
2.166234234685405990e+00
4.583891146499676772e-01
5.871466037624626377e-01
-2.867439976124219747e-01
8.911888846650157792e-01
1.155423882047637907e+00
-2.883912993741679198e+00
1.931938079742475667e-01
1.447306731259892398e+00
1.200937946268030077e+00
-6.928022113553911066e-02
8.634505234617098068e-01
