6.731184393664289001e-01
-5.930256458700661204e-01
-7.439570737818146373e-01
5.047527935944818855e-01
8.045948606763285715e-01
-4.094858092859576804e-01
-8.542261361257115215e-01
3.085051462205053996e-01
8.921976772081521290e-01
-2.031670580891603850e-01
-9.180177379305627383e-01
9.488375959548726868e-02
9.313625625893013904e-01
1.489719459955839501e-02
-9.320802794914089251e-01
-1.247139684727853748e-01
9.201921245492430401e-01
2.331115906553367367e-01
-8.958909915859981643e-01
-3.386628383112059160e-01
8.595373533213573891e-01
4.399885164014640804e-01
-8.116526430226955746e-01
-5.357768032922564094e-01
7.529102308115264153e-01
6.248013531473051163e-01
-6.841241697567235214e-01
-7.059378706527832392e-01
6.062359243781924034e-01
7.781789038175491724e-01
-5.202993273192334511e-01
-8.406466352378236806e-01
4.274640381092787988e-01
8.926034905890448679e-01
-3.289578006237268148e-01
-9.334604244151469832e-01
2.260678126633904050e-01
9.627827866787080913e-01
-1.201215317559057028e-01
-9.802937181326193405e-01
1.246724568735913669e-02
9.858750674758746113e-01
9.554526560379270061e-02
-9.795658675675181781e-01
-2.025836581736937814e-01
9.615584508199213065e-01
3.073512376115313804e-01
-9.321923244427965383e-01
-4.086041728113330440e-01
8.919459636868040109e-01
5.051674493768427698e-01
-8.414267149393928058e-01
-5.959493311066873522e-01
7.813590298416104307e-01
6.799541308816775542e-01
-7.125712760100666454e-01
-7.562931282442405534e-01
6.359813890593645214e-01
8.241935092360661574e-01
-5.525816441414417302e-01
-8.830052438191557940e-01
4.634228329853434802e-01
9.322058566079434172e-01
-3.695981343942438824e-01
-9.714030868433172206e-01
2.722269624197111715e-01
1.000335472722280183e+00
-1.724390671892937488e-01
-1.018870932572716992e+00
7.135914893011706395e-02
1.027003450197060852e+00
2.990777347056326751e-02
-1.024848003338577174e+00
-1.302900214785215338e-01
1.012633902062132885e+00
2.287617527158905817e-01
-9.906967274015063829e-01
-3.243541328632457699e-01
9.594690795151515905e-01
4.161650553322789881e-01
-9.194703585372487886e-01
-5.033673142631119868e-01
8.712958101437026093e-01
5.852151710323302281e-01
-8.156050715259396400e-01
-6.610492890707353464e-01
7.531104520448789197e-01
7.303000456315811295e-01
-6.845651765002001010e-01
-7.924892615023900744e-01
6.107518079797720212e-01
8.472304198477670356e-01
-5.324710520303499450e-01
-8.942274728006830431e-01
4.505311248813834157e-01
9.332723585572615388e-01
-3.657378462003987862e-01
-9.642413721325842069e-01
2.788855919645002457e-01
9.870905492541455217e-01
-1.907492161474008963e-01
-1.001850234862541544e+00
1.020770217244334754e-01
1.008619015212188996e+00
-1.358483268432159920e-02
-1.007557195588852039e+00
-7.404881000355455212e-02
9.988800042539718316e-01
1.601863335085685069e-01
-9.828506975650016519e-01
-2.442337309892200492e-01
9.597737315750497489e-01
3.256421284399620419e-01
-9.299881521413246865e-01
-4.039083989070331726e-01
8.938613391072292025e-01
4.785749215818756452e-01
-8.517832209686080347e-01
-5.492285990642996607e-01
8.041610551451162658e-01
6.154992582351304087e-01
-7.514148461477970775e-01
-6.770575684901832814e-01
6.939734501810239653e-01
7.336126154749856854e-01
-6.322713906682115859e-01
-7.849092689153640556e-01
5.667463854661228817e-01
8.307254797709373584e-01
-4.978375637327815961e-01
-8.708696349296509709e-01
4.259843291018809430e-01
9.051780872911343589e-01
-3.516258065088709306e-01
-9.335129657125158520e-01
2.752007931664240958e-01
9.557603533292765574e-01
-1.971481201854946297e-01
-9.718289047018393578e-01
1.179073204893078125e-01
9.816489525954025241e-01
-3.791949119517020600e-02
-9.851721345329267354e-01
-4.237176532418546193e-02
9.823715481407577776e-01
1.225194378995115990e-01
-9.732424233036468530e-01
-2.020723536510428686e-01
9.578032788287401678e-01
2.805746823466286344e-01
-9.360975122155760220e-01
-3.575657950684743014e-01
9.081953537472676752e-01
4.325805617633705080e-01
-8.741961008967931157e-01
-5.051501573045300564e-01
8.342305363769872972e-01
5.748034286858878517e-01
-7.884634233650563706e-01
-6.410688573714592442e-01
7.370959647476900134e-01
7.034771311464644850e-01
-6.803681098197160715e-01
-7.615643195860032355e-01
6.185605918030115946e-01
8.148756270180819161e-01
-5.519965828238164729e-01
-8.629696771411372591e-01
4.810428594995985185e-01
9.054232647804348888e-01
-4.061103818676987109e-01
-9.418364931211671287e-01
3.276542007817992430e-01
9.718381995845140064e-01
-2.461726237924377614e-01
-9.950915607062593704e-01
1.622055865272212793e-01
1.011299756274668171e+00
-7.633219526791104603e-02
-1.020211565835401180e+00
-1.083257368960414795e-02
1.021626766676730913e+00
9.864201170983971645e-02
-1.015401201666692454e+00
-1.864226255520060049e-01
1.001451387852142716e+00
2.734798477187510568e-01
-9.797585425018024985e-01
-3.591044423373138117e-01
9.503719121359378574e-01
4.425795211596584289e-01
-9.134113018354504954e-01
-5.231880677044871142e-01
8.690687164802866072e-01
6.002208531667042601e-01
-8.176090421896134997e-01
-6.729846158337766671e-01
7.593697147350422227e-01
7.408103666748843130e-01
-6.947593416320230197e-01
-8.030616777084592650e-01
6.242552655150419572e-01
8.591428068672448681e-01
-5.484000777818507366e-01
-9.085065134252788832e-01
4.677971128463378481e-01
9.506614216203992385e-01
-3.831049741804811726e-01
-9.851787968168677079e-01
2.950311631648326882e-01
1.011698608238164487e+00
-2.043249001593419045e-01
-1.029934764736386565e+00
1.117692437285338486e-01
1.039679424952740794e+00
-1.817262824394545381e-02
-1.040806300219321745e+00
-7.564004817228049682e-02
1.033272887257720374e+00
1.688366444594690263e-01
-1.017121587710877462e+00
-2.605871593197439107e-01
9.924796923468552912e-01
3.500731260784702426e-01
-9.595582289201187720e-01
-4.364968702301715298e-01
9.186496936899377630e-01
5.190904835551156671e-01
-8.701247070165908370e-01
-5.971243750293258046e-01
8.144276528217901934e-01
6.699152678965162311e-01
-7.520713796068910773e-01
-7.368335239895402733e-01
6.836310567790289117e-01
7.973096903697710625e-01
-6.097372939186836982e-01
-8.508401792666741015e-01
5.310686420541942399e-01
8.969920097465554631e-01
-4.483436047750261610e-01
-9.354065581082272596e-01
3.623122929716445229e-01
9.658022832605294150e-01
-2.737478600515307336e-01
-9.879764128313169858e-01
1.834378546450581293e-01
1.001805595049205744e+00
-9.217562513323113160e-02
-1.007245540099932057e+00
7.519049322293324279e-04
1.004329692276365593e+00
9.005330045575356268e-02
-9.931669904422347761e-01
-1.794784138311730504e-01
9.739387887834400903e-01
2.667874755332477199e-01
-9.468950222357651603e-01
-3.512767367934282459e-01
9.123497111295687523e-01
4.322805876248005386e-01
-8.706759073084007206e-01
-5.091767657095840338e-01
8.223001891483111558e-01
5.813908092830530894e-01
-7.676968154919119325e-01
-6.483997336302732561e-01
7.073816485292000467e-01
7.097349271138398974e-01
-6.419059531963742238e-01
-7.649842782503852856e-01
5.718501758655351042e-01
8.137935598973775608e-01
-4.978177981609610003e-01
-8.558671097752917900e-01
4.204293529102132720e-01
8.909678580537007120e-01
-3.403166788122054531e-01
-9.189167623490213099e-01
2.581174786985138137e-01
9.395917180291912807e-01
-1.744702336348167848e-01
-9.529260170903451899e-01
9.000951191242934080e-02
9.589064319935481917e-01
-5.361698592443617413e-03
-9.575710017305537614e-01
-7.885884194773362665e-02
9.490065960896064690e-01
1.620531707072520311e-01
-9.333463307262354069e-01
-2.436407580595366384e-01
9.107669003812152164e-01
3.230620697951800957e-01
-8.814858906524426496e-01
-3.997807871953464876e-01
8.457591203624209575e-01
4.732857007296965013e-01
-8.038780570755366117e-01
-5.430923227705505285e-01
7.561673380149964707e-01
6.087442685894615124e-01
-7.029824178472352525e-01
-6.698144567865552679e-01
6.447073538805837556e-01
7.259061802058910384e-01
-5.817527285048970098e-01
-7.766540963490886629e-01
5.145536985067455937e-01
8.217251824324645071e-01
-4.435681515425065613e-01
-8.608196946948141193e-01
3.692749418162619701e-01
8.936721645476484177e-01
-2.921721701405438076e-01
-9.200524559253532297e-01
2.127754682584883650e-01
9.397668990004383049e-01
-1.316162437343095237e-01
-9.526595055872654205e-01
4.923983998470438106e-02
9.586132613868111330e-01
3.379643382263270573e-02
-9.575514800403868154e-01
-1.169254462309055748e-01
9.494391941022924941e-01
1.995725996618628872e-01
-9.342845488134856602e-01
-2.811584330233029561e-01
9.121401562657320827e-01
3.611014973026536734e-01
-8.831043604600724573e-01
-4.388215221341871253e-01
8.473223581202959931e-01
5.137428816329951964e-01
-8.049871161245222284e-01
-5.852983572375718424e-01
7.563400242186345546e-01
6.529331841893543098e-01
-7.016712213789909613e-01
-7.161093569225008837e-01
6.413195358529967249e-01
7.743101573647049873e-01
-5.756719825212468500e-01
-8.270448592864756421e-01
5.051627667467161187e-01
8.738535517062474556e-01
-4.302717511886258728e-01
-9.143120152528410038e-01
3.515223510178561717e-01
9.480365775967007913e-01
-2.694788333616241482e-01
-9.746888678230789527e-01
1.847430084014872187e-01
9.939803851454324102e-01
-9.795031205772476712e-02
-1.005676794806499297e+00
9.765293329092846267e-03
1.009601863507257002e+00
7.912346722347077255e-02
-1.005640948300782211e+00
-1.680089679652427559e-01
9.937439565964013566e-01
2.561718727605364898e-01
-9.739277007050975987e-01
-3.428870084336093083e-01
9.462775781102941153e-01
4.274301966387174523e-01
-9.109485182358053601e-01
-5.090853336994509704e-01
8.681651476972785941e-01
5.871516235880078760e-01
-8.182211386423199340e-01
-6.609508626438874712e-01
7.614777185207427523e-01
7.298346700453760549e-01
-6.983613341867797031e-01
-7.931915555957383956e-01
6.293604782956423449e-01
8.504537161499940989e-01
-5.550217011669487110e-01
-9.011034540232973900e-01
4.759448463192519907e-01
9.446791149658951836e-01
-3.927775623742738587e-01
-9.807804496949549256e-01
3.062091576699475515e-01
1.009073311402179929e+00
-2.169638763836198581e-01
-1.029293611951024978e+00
1.257936859782128880e-01
1.041250471400647193e+00
-3.347067508394972746e-02
-1.044828508808552492e+00
-5.922083168751593463e-02
1.039989236660901817e+00
1.514923302001063843e-01
-1.026771536457607770e+00
-2.425592496225401629e-01
1.005291208598916297e+00
3.316490058960041010e-01
-9.757396054365895521e-01
-4.180088815428265048e-01
9.383813718312031815e-01
5.009136211919175130e-01
-8.935513324508396193e-01
-5.796726380045430504e-01
8.416505790385332419e-01
6.536367339930719833e-01
-7.831418236756981788e-01
-7.222042468360168055e-01
7.185440953918112994e-01
7.848265469793042071e-01
-6.484268671071924395e-01
-8.410128213179381973e-01
5.734037076385365417e-01
8.903340932644687733e-01
-4.941255592152430376e-01
-9.324264432355047205e-01
4.112737445530845748e-01
9.669934081858065911e-01
-3.255528089615274956e-01
-9.938075534626192864e-01
2.376833022480462354e-01
1.012711224614449845e+00
-1.483946023690891902e-01
-1.023616500551793873e+00
5.841787799273915477e-02
1.026504382318798037e+00
3.152071947776155514e-02
-1.021423263436041395e+00
-1.207065521044712042e-01
1.008486738061683541e+00
2.084426071545449066e-01
-9.878708119047158176e-01
-2.940551624495474359e-01
9.598105877481361015e-01
3.768989549888490664e-01
-9.245965024875929528e-01
-4.563618146458294778e-01
8.825701957098467387e-01
5.318687370976656892e-01
-8.341200910081938424e-01
-6.028853824287410124e-01
7.796767704924810749e-01
6.689209977465159218e-01
-7.197082203979393578e-01
-7.295307733830768138e-01
6.547150214463779427e-01
7.843176525573485325e-01
-5.852255518435288684e-01
-8.329336235199578109e-01
5.117912637192426617e-01
8.750805309895379747e-01
-4.349820856578952566e-01
-9.105104499664203876e-01
3.553819950052931054e-01
9.390256696590449925e-01
-2.735847941307853470e-01
-9.604783382182414675e-01
1.901901150783706640e-01
9.747698202214180041e-01
-1.057996673283385092e-01
-9.818498184155518560e-01
2.101373400581814377e-02
9.817153091837080847e-01
6.357208693018175094e-02
-9.744093376704341392e-01
-1.473699079452066851e-01
9.600197136352279781e-01
2.298023619766689785e-01
-9.386776431053976966e-01
-3.103052212851102887e-01
9.105563239818426080e-01
3.883298534141539915e-01
-8.758695261735748305e-01
-4.633455453642587596e-01
8.348701688481904304e-01
5.348417283334525596e-01
-7.878488992736965013e-01
-6.023301350679237665e-01
7.351326697562724499e-01
6.653469200175999854e-01
-6.770833016190334064e-01
-7.234547691905935940e-01
6.140960182807468914e-01
7.762450219687797581e-01
-5.465979235039902795e-01
-8.233398213307054903e-01
4.750463960098045835e-01
8.643943021404844052e-01
-3.999273680603134262e-01
-8.990988196107135844e-01
3.217534534511697908e-01
9.271812119904179195e-01
-2.410618897002242134e-01
-9.484090832264479021e-01
1.584122601454590884e-01
9.625920830730246847e-01
-7.438396416345852136e-02
-9.695841541544254483e-01
-1.042659224777489624e-02
9.692857080899701661e-01
9.540910778945950466e-02
-9.616456862255550186e-01
-1.799428145536390855e-01
9.466634550148982363e-01
2.634002315896067370e-01
-9.243904818709766102e-01
-3.451512419518804609e-01
8.949317345337159946e-01
4.245674822153365224e-01
-8.584467458156636033e-01
-5.010270233784055449e-01
8.151502860894427327e-01
5.739193118320641274e-01
-7.653125881148467036e-01
-6.426503289411890085e-01
7.092590727813923301e-01
7.066479180580633734e-01
-6.473695300135948738e-01
-7.653672187452851272e-01
5.800767163637342572e-01
8.182961399010382220e-01
-5.078643395630906276e-01
-8.649607966091708011e-01
4.312644103460737677e-01
9.049308300967195962e-01
-3.508539529764589382e-01
-9.378245263707117862e-01
2.672510778551127064e-01
9.633136470758708603e-01
-1.811104320943280332e-01
-9.811278859720875545e-01
9.311805670991864237e-02
9.910588662432082696e-01
-3.985691810074938959e-03
-9.929635976317950918e-01
-8.555541646998840455e-02
9.867673181100804491e-01
1.747611418218019408e-01
-9.724656523686637799e-01
-2.628814601860327005e-01
9.501260286982844416e-01
3.491677029957028222e-01
-9.198883066770052741e-01
-4.328799874499535405e-01
8.819645802528022216e-01
5.132947236882697828e-01
-8.366381340620973051e-01
-5.897120942732005933e-01
7.842615448831975478e-01
6.614633989489189236e-01
-7.252539346770394690e-01
-7.279181573107887937e-01
6.600973963982752490e-01
7.884908638347184473e-01
-5.893326283486601813e-01
-8.426472936727268381e-01
5.135538269547218482e-01
8.899102636507280062e-01
-4.334029011722905778e-01
-9.298647609051704510e-01
3.495630839511718602e-01
9.621623614051362239e-01
-2.627520270492230692e-01
-9.865248720183963371e-01
1.737144747271384404e-01
1.002747142567088412e+00
-8.321461926748309479e-02
-1.010699008190574899e+00
-7.971753320060486619e-03
1.010326337004980424e+00
9.906521574615091696e-02
-1.001651173191189681e+00
-1.892906372704177831e-01
9.847709809316471663e-01
2.778849952405553769e-01
-9.598570097107856913e-01
-3.641049519525852984e-01
9.271518160714961043e-01
4.472340938205847105e-01
-8.869659906612865630e-01
-5.265897371951032691e-01
8.396741520083317312e-01
6.015292142991588431e-01
-7.857102796768178354e-01
-6.714555634681286245e-01
7.255624690258984932e-01
7.358225599007727213e-01
-6.597671975416816714e-01
-7.941390361914615337e-01
5.889031984849134593e-01
8.459724557033040382e-01
-5.135850412874423121e-01
-8.909517160305058248e-01
4.344565197022890457e-01
9.287691740737886725e-01
-3.521839481488674428e-01
-9.591818982692528195e-01
2.674494640660096123e-01
9.820121669631586281e-01
-1.809444294871522252e-01
-9.971472445107782967e-01
9.336301862684838471e-02
1.004538478110839517e+00
-5.396070227327821704e-03
-1.004199768442029406e+00
-8.227472603656958705e-02
9.962054756201321748e-01
1.689822503662912756e-01
-9.806878286873943473e-01
-2.540789335617713585e-01
9.578339116695271382e-01
3.369412623176715749e-01
-9.278823021016791017e-01
-4.169737859465779128e-01
8.911194388433597569e-01
4.936126134802827359e-01
-8.478757949765303170e-01
-5.663284018035517065e-01
7.985219287243978670e-01
6.346288464809266561e-01
-7.434644807435255576e-01
-6.980606969798881511e-01
6.831421800240120579e-01
7.562113268254478937e-01
-6.180219131821429457e-01
-8.087098966412390455e-01
5.485949033993785529e-01
8.552281538619540546e-01
-4.753730359172271269e-01
-8.954809170403839058e-01
3.988853571359037842e-01
9.292262950226456431e-01
-3.196747642868271733e-01
-9.562656918237749659e-01
2.382948926552120872e-01
9.764436468206987296e-01
-1.553071977264925962e-01
-9.896475569697670283e-01
7.127822070145099775e-02
9.958073232770375816e-01
1.322298216607457021e-02
-9.948949578666788085e-01
-9.762727276731170134e-02
9.869241809223564532e-01
1.813677586635327188e-01
-9.719500287452694787e-01
-2.638820506218225170e-01
9.500684854685366165e-01
3.446144880782492370e-01
-9.214161418581430230e-01
-4.230183709522779556e-01
8.861698754385443078e-01
4.985582349946685587e-01
-8.445465371893904338e-01
-5.707122048966210004e-01
7.968026215844987714e-01
6.389744548018845283e-01
-7.432338890642568030e-01
-7.028577997768759023e-01
6.841749034143503883e-01
7.618964343786817084e-01
-6.199984412075192353e-01
-8.156488259461940338e-01
5.511147266508611420e-01
8.637007608540034909e-01
-4.779704430334314469e-01
-9.056685320213874180e-01
4.010474715987084049e-01
9.412022457331804537e-01
-3.208613101466208373e-01
-9.699892156375607977e-01
2.379591270071695630e-01
9.917574019524435514e-01
-1.529174111944035797e-01
-1.006278844740470246e+00
6.633918643731115394e-02
1.013373031925278944e+00
2.114923471957459375e-02
-1.012910135783398502e+00
-1.089019706779302682e-01
1.004814046208579725e+00
1.962577672720989541e-01
-9.890651253435112089e-01
-2.825446618966894752e-01
9.657026063555833595e-01
3.670850936231347394e-01
-9.348265593444765598e-01
-4.492014248347340755e-01
8.965993496806059504e-01
5.282218271260989972e-01
-8.512465184968448506e-01
-6.034864718661643312e-01
7.990570215626336958e-01
6.743539542118314190e-01
-7.403827712761936741e-01
-7.402078688373504578e-01
6.756374368480168036e-01
8.004634465170350488e-01
-6.052944697464563983e-01
-8.545741532553470243e-01
5.298843348718743629e-01
9.020381481270696167e-01
-4.499909424389115786e-01
-9.424044925964849551e-01
3.662472908601337451e-01
9.752790029689298867e-01
-2.793303466789844869e-01
-1.000329638883532990e+00
1.899552034439514758e-01
1.017291324446899958e+00
-9.886857695528158962e-02
-1.025970104689428286e+00
6.841709188868563656e-03
1.026246548443029649e+00
8.533723297750926695e-02
-1.018078319342813343e+00
-1.768711656704434199e-01
1.001501849258248589e+00
2.669623932844292780e-01
-9.766330628184540785e-01
-3.548210931064208484e-01
9.436671175143028778e-01
4.396738548452511774e-01
-9.028771408151279321e-01
-5.207721465757727541e-01
8.546119634518671848e-01
5.974005771634866013e-01
-7.992928661160835224e-01
-6.688848264412387001e-01
7.374093749025910638e-01
7.345991182832796174e-01
-6.695141584532139367e-01
-7.939731182364927475e-01
5.962170965720986482e-01
8.464981463720413490e-01
-5.181786056598328694e-01
-8.917326073922551277e-01
4.361023203055926500e-01
9.293065534891084001e-01
-3.507272424559735868e-01
-9.589253107604732707e-01
2.628194794451662597e-01
9.803721167946159998e-01
-1.731636996024703279e-01
-9.935097349745362072e-01
8.255443895238770424e-02
9.982810297458897253e-01
8.212605421898146185e-03
-9.947085060956168956e-01
-9.834916053049866380e-02
9.828928353995812772e-01
1.870827098679004874e-01
-9.630104081771280189e-01
-2.736644480331157370e-01
9.353099717201156516e-01
3.573767414126782227e-01
-9.001084266600112294e-01
-4.375399899790906599e-01
8.577858709141160665e-01
5.135187986042291097e-01
-8.087799918016720380e-01
-5.847273814163951311e-01
7.535799171660210183e-01
6.506341393365221437e-01
-6.927196438248935939e-01
-7.107653685692216783e-01
6.267711664907285041e-01
7.647080761159794626e-01
-5.563374323009071531e-01
-8.121118968769808211e-01
4.820452452862687975e-01
8.526901251602555520e-01
-4.045382415044291302e-01
-8.862198910255582041e-01
3.244700492836521954e-01
9.125415283843010261e-01
-2.424977402460041231e-01
-9.315571968181239892e-01
1.592756657198579062e-01
9.432288322853383811e-01
-7.544976013613277632e-02
-9.475755129385434739e-01
-8.347621670887992243e-03
9.446703349572375119e-01
9.150228223697859375e-02
-9.346368993742765197e-01
-1.734221400616723363e-01
9.176455142404544851e-01
2.535405519074470093e-01
-8.939092170608556875e-01
-3.313189988190092250e-01
8.636797202451450550e-01
4.062491524937017484e-01
-8.272433774524827754e-01
-4.778543543413663608e-01
7.849172613070022342e-01
5.456905539620713341e-01
-7.370454332309890333e-01
-6.093467664270368900e-01
6.839954743884140154e-01
6.684451184083214370e-01
-6.261553332536391459e-01
-7.226405615065975008e-01
5.639305305215746023e-01
7.716203369274826640e-01
-4.977417463519843710e-01
-8.151032787571749205e-01
4.280227987510107357e-01
8.528390434089065941e-01
-3.552190056700054721e-01
-8.846073503697218232e-01
2.797859076319528793e-01
9.102173142051753763e-01
-2.021883128003464092e-01
-9.295069400323815456e-01
1.228996128409628602e-01
9.423428445571958578e-01
-4.240130607484286079e-02
-9.486202525562847931e-01
-3.881734535679515902e-02
9.482633047074969790e-01
1.202596049845991305e-01
-9.412256973170767260e-01
-2.014215836087342448e-01
9.274916581783509972e-01
2.817926804113207728e-01
-9.070772459968612367e-01
-3.608562300614993057e-01
8.800319439939068289e-01
4.380904384212827574e-01
-8.464405019473714153e-01
-5.129696827049802232e-01
8.064249655290942620e-01
5.849662424447485964e-01
-7.601468178132606557e-01
-6.535525155590818924e-01
7.078091456955913907e-01
7.182037594920761547e-01
-6.496587340725025195e-01
-7.784013811538385008e-01
5.859879833337275912e-01
8.336367815963553474e-01
-5.171365412885543522e-01
-8.834157425173010392e-01
4.434925392995650584e-01
9.272633222430505251e-01
-3.654933242707901764e-01
-9.647292093213366559e-01
2.836255832781646724e-01
9.953934628104856852e-01
-1.984247660201555463e-01
-1.018872550277707401e+00
1.104737217838274860e-01
1.034825577964695098e+00
-2.040048207329409058e-02
-1.042960593013623427e+00
-7.112486284896468725e-02
1.043040825537910443e+00
1.633942258463791930e-01
-1.034890729066159087e+00
-2.556665342659804607e-01
1.018401671825575061e+00
3.471736791233846486e-01
-9.935371287373965243e-01
-4.371273668894417042e-01
9.603372250511914565e-01
5.247268147671236838e-01
-9.189224873637910074e-01
-6.091672067178515171e-01
8.694966663583405531e-01
6.896488047338079630e-01
-8.123485078764538514e-01
-7.653865885405791714e-01
7.478523647493333648e-01
8.356202776047561009e-01
-6.764675608722705569e-01
-8.996245725815861238e-01
5.987364409983456648e-01
9.567194396072687956e-01
-5.152810641939996605e-01
-1.006280250601116144e+00
4.267985253687212599e-01
1.047747586284238253e+00
-3.340549171981845866e-01
-1.080636506280292730e+00
2.378779734960511649e-01
1.104545092573991250e+00
-1.391484640334402223e-01
-1.119162078872657284e+00
3.879043927216787452e-02
1.124273389039499360e+00
6.223954916547345950e-02
-1.119767422603485052e+00
-1.629641009014929920e-01
1.105638944220242559e+00
2.623973175220126741e-01
-1.081991456517437555e+00
-3.595576568808795948e-01
1.049037961620927106e+00
4.534810796016306433e-01
-1.007100045333092719e+00
-5.432342637185987311e-01
9.566052488568342893e-01
6.279276551019428165e-01
-8.980827254929690806e-01
-7.067281176494120132e-01
8.321572132376268138e-01
7.788709484373660397e-01
-7.595413879174379712e-01
-8.436710291426590125e-01
6.810266947391351300e-01
9.005328960892855505e-01
-5.974727881208995450e-01
-9.489595271016483258e-01
5.097957397328898299e-01
9.885596636780095148e-01
-4.189552020873321125e-01
-1.019053511565565673e+00
3.259407391571957358e-01
1.040276691085257443e+00
-2.317575557781942908e-01
-1.052182340059865329e+00
1.374118734981282786e-01
1.054841306284120872e+00
-4.389621165919971313e-02
-1.048440402469369648e+00
-4.782516148420651314e-02
1.033278733773430602e+00
1.368303421101180473e-01
-1.009762145599374827e+00
-2.222532078585337523e-01
9.783958765341654873e-01
3.032958878878003750e-01
-9.397755373049866412e-01
-3.792400506915453162e-01
8.945765706744617241e-01
4.494567948143758374e-01
-8.435423785230855565e-01
-5.134149526610469749e-01
7.874713302974731821e-01
5.706876468381191225e-01
-7.272028908805885372e-01
-6.209569713174181160e-01
6.636031252333309816e-01
6.640167055406623886e-01
-5.975498513901059683e-01
-6.997730076608733585e-01
5.299177222188165004e-01
7.282430726430538792e-01
-4.615635195292223658e-01
-7.495517811511269723e-01
3.933119415150452269e-01
7.639264051444272230e-01
-3.259421561360654751e-01
-7.716894750766737365e-01
2.601753790235788455e-01
7.732499507090833113e-01
-1.966637150557761782e-01
-7.690928719957013104e-01
1.359804782814576507e-01
7.597676975622000839e-01
-7.861217583394168595e-02
-7.458755652698305649e-01
2.495230845290808894e-02
7.280557316553738501e-01
2.470289610731648058e-02
-7.069714641710562741e-01
-7.015673942365409366e-02
6.832956717035932881e-01
1.113122618412556442e-01
-6.576965645712165021e-01
-1.481704099522008489e-01
6.308236349251439279e-01
1.808262087553096364e-01
-6.032942421891070994e-01
-2.094630259897148628e-01
5.756810759658945731e-01
2.343450553210192355e-01
-5.485007509515781310e-01
-2.558081817317717777e-01
5.222037651845999884e-01
2.742494258312055955e-01
-4.971660248787222458e-01
-2.901151931898942604e-01
4.736821067304309851e-01
3.038885795199830486e-01
-4.519603926129340254e-01
-3.160760020994576869e-01
4.321201727231140377e-01
3.271934418007194090e-01
-4.141907723403679409e-01
-3.377525881507478234e-01
3.981127152493530996e-01
3.482471818425094123e-01
-3.837408944535891653e-01
-3.591398449552906103e-01
3.708496789513885394e-01
